069002
069004
069005
069006
069006001
069007
069008
069016
069017
069017900
069018
069030001
069033001
069036
069039
069045
069048
069075002
069080002
069085
069090
069207
069213
069218
069218001
069219
069219002
069219004
069220
069220002
069221
069224
069227
069230
069233
069234
069234002
069234004
069234900
069235002
069236
069239
069240
069241
069242
069243
069243002
069243004
069243900
069244002
069248
069251
069252
069252002
069252004
069252900
069253002
069254
069257
069261
069261002
069261003
069262002
069262004
069263002
069264
069264002
069264004
069280
069280001
069280002
069285
069285001
069285900
069290
069290001
069290900
069661001
069920
005001
005001006
005001007
005001017
005001020
005001900
005002
005003
005004
005006
005010
005011
005011001
005012
005013
005014
005015
005015001
005016
005900
005902
071010002
071010003
071015
071020001
071024
071025
071025003
071025900
071026
071030003
071031004
071031006
071031007
071031008
071032004
071032005
071032006
071032007
071032009
071033001
071034002
071034003
071034005
071034006
071034008
071034009
071035001
071040
071040002
071041
071041001
071043
071043009
071044
071046
071050001
071051
071054
071055
071055001
071056
071057
071058
071060
071060001
071061
071064
071064001
071064002
071064003
071064004
071065001
071067
071067002
071067003
071067005
071068
071068001
071069001
071069002
071069003
071069004
071069005
071071
071075
071076
071076001
071076002
071080
071080003
071080004
071080019
071080020
071080902
071080912
071080913
071090
071090003
071090005
071090008
071090020  
071090909
071090910
071091001
071092
071100
071101
071105
071105001
071106
071106001
071107
071108
071108001
071109
071115
071116
071117
071117001
071120
071121
071121001
071121900
071150
071150002
071150900
071151006
071152
071153
071153003
071154
071154001
071155
071156
071157
071158
071160
071161
071165
071180
071180900
071181
071185
071185900
071186
071200
071200002
071201
071202
071203
071204
071255
071256
071256900
071261
071262
071263
071265
071265001
071400902
071400903
071400915
071910
071921
076001
076002
076002001
076003
076004
076005
076006001
076012
076016
076020
076021
076080
076080001
076081
076082
076082001
076083
076901
076901001
076901002
076901003
076901004
075200
075200002
075205
075205001
075205002
075205006
075205010
075205015
075205016
075205017
075205018
075205023
075205035
075205036
075206
075208012
075210
075210001
075210002
075210900
075211
075215
075218
075218001
075900